INSTANCE = 20150713_16-00m

NUM_VEHICLES = 3

NUM_REQUESTS = 100

SOURCE_LONGITUDE = -73.00771231
SOURCE_LATITUDE = 40.71374512

SINK_LONGITUDE = -73.00771231
SINK_LATITUDE = 40.71374512

VEHICLES_INFO
0	10	0	86400
1	10	0	86400
2	10	0	86400


