INSTANCE = 20150713_16-03m

NUM_VEHICLES = 3

NUM_REQUESTS = 50

SOURCE_LONGITUDE = -73.98985962
SOURCE_LATITUDE = 40.74390190

SINK_LONGITUDE = -73.98985962
SINK_LATITUDE = 40.74390190

VEHICLES_INFO
0	4	0	3600
1	4	0	3600
2	4	0	3600

