INSTANCE = 20150713_16-01m

NUM_VEHICLES = 2

NUM_REQUESTS = 10

SOURCE_LONGITUDE = -73.00771231
SOURCE_LATITUDE = 40.71374512

SINK_LONGITUDE = -73.00771231
SINK_LATITUDE = 40.71374512

VEHICLES_INFO
0	6	0	86400
1	6	0	86400


